117 27
1 1 1 1 1 1 1 1 1 1 1 1 1 1 1 1 1 1 1 1 1 1 1 1 1 1 1
3
1 10 19
3
2 11 20
3
3 12 21
3
4 13 22
3
5 14 23
3
6 15 24
3
7 16 25
3
8 17 26
3
9 18 27
3
1 4 7
3
2 5 8
3
3 6 9
3
10 13 16
3
11 14 17
3
12 15 18
3
19 22 25
3
20 23 26
3
21 24 27
3
1 13 25
3
2 14 26
3
3 15 27
3
1 16 22
3
2 17 23
3
3 18 24
3
4 10 25
3
5 11 26
3
6 12 27
3
4 16 19
3
5 17 20
3
6 18 21
3
7 10 22
3
8 11 23
3
9 12 24
3
7 13 19
3
8 14 20
3
9 15 21
3
1 2 3
3
4 5 6
3
7 8 9
3
10 11 12
3
13 14 15
3
16 17 18
3
19 20 21
3
22 23 24
3
25 26 27
3
1 11 21
3
1 12 20
3
2 10 21
3
2 12 19
3
3 10 20
3
3 11 19
3
4 14 24
3
4 15 23
3
5 13 24
3
5 15 22
3
6 13 23
3
6 14 22
3
7 17 27
3
7 18 26
3
8 16 27
3
8 18 25
3
9 16 26
3
9 17 25
3
1 5 9
3
1 6 8
3
2 4 9
3
2 6 7
3
3 4 8
3
3 5 7
3
10 14 18
3
10 15 17
3
11 13 18
3
11 15 16
3
12 13 17
3
12 14 16
3
19 23 27
3
19 24 26
3
20 22 27
3
20 24 25
3
21 22 26
3
21 23 25
3
1 14 27
3
1 15 26
3
2 13 27
3
2 15 25
3
3 13 26
3
3 14 25
3
1 17 24
3
1 18 23
3
2 16 24
3
2 18 22
3
3 16 23
3
3 17 22
3
4 11 27
3
4 12 26
3
5 10 27
3
5 12 25
3
6 10 26
3
6 11 25
3
4 17 21
3
4 18 20
3
5 16 21
3
5 18 19
3
6 16 20
3
6 17 19
3
7 11 24
3
7 12 23
3
8 10 24
3
8 12 22
3
9 10 23
3
9 11 22
3
7 14 21
3
7 15 20
3
8 13 21
3
8 15 19
3
9 13 20
3
9 14 19
